  It       Time      CPU Time            ReadIO           WriteIO  MTask  RTask    MapInRec   MapOutRec    ComInRec   ComOutRec    RedInRec   RedOutRec      Spills 
   1      15.11          6.83              1154              3170      4      4           2           6           6           6           6           6           6 
   2      15.11          6.74              3170              8180      4      4           6          20          20          16          16          16          16 
   3      15.12          6.91              8180             18260      4      4          16          60          60          36          36          36          36 
   4      15.12          7.31             18260             38360      4      4          36         144         144          76          76          76          76 
   5      15.11          7.72             38360             74588      4      4          76         324         324         148         148         148         148 
   6      15.12          8.54             74588            139958      4      4         148         664         664         278         278         278         278 
   7      15.10          8.97            139958            245588      4      4         278        1290        1290         488         488         488         488 
   8      15.10         10.32            245588            423108      4      4         488        2352        2352         840         840         840         840 
   9      15.12         10.70            423108            701376      4      4         840        4164        4164        1388        1388        1388        1388 
  10      15.10         11.72            701376           1136101      4      4        1388        7076        7076        2242        2242        2242        2242 
  11      15.13         14.03           1136101           1787013      4      4        2242       11700       11700        3518        3518        3518        3518 
  12      15.09         14.98           1787013           2759642      4      4        3518       18782       18782        5420        5420        5420        5420 
  13      15.10         17.71           2759642           4168217      4      4        5420       29482       29482        8154        8154        8154        8154 
  14      16.10         19.26           4168217           6207976      4      4        8154       45224       45224       12084       12084       12084       12084 
  15      17.12         21.84           6207976           9067397      4      4       12084       68096       68096       17566       17566       17566       17566 
  16      17.10         25.35           9067397          13063166      4      4       17566      100644      100644       25188       25188       25188       25188 
  17      18.11         30.11          13063166          18554037      4      4       25188      146348      146348       35548       35548       35548       35548 
  18      19.22         36.40          18554037          26057607      4      4       35548      209508      209508       49564       49564       49564       49564 
  19      20.14         45.80          26057607          36084376      4      4       49564      295744      295744       68154       68154       68154       68154 
  20      23.12         56.43          36084376          49461700      4      4       68154      411830      411830       92714       92714       92714       92714 
  21      25.12         69.93          49461700          67080052      4      4       92714      566458      566458      124608      124608      124608      124608 
  22      29.46         88.96          67080052          90103616      4      4      124608      769848      769848      165822      165822      165822      165822 
  23      35.14        111.18          90103616         119742307      4      4      165822     1034720     1034720      218318      218318      218318      218318 
  24      41.13        140.42         119742307         157903878      4      4      218318     1375936     1375936      284844      284844      284844      284844 
  25      50.15        180.87         157903878         206360713      4      4      284844     1811398     1811398      368052      368052      368052      368052 
  26      61.18        228.60         206360713         267443318      4      4      368052     2361646     2361646      471630      471630      471630      471630 
  27      79.19        287.37         267443318         343870685      4      4      471630     3050964     3050964      599036      599036      599036      599036 
  28      92.20        364.78         343870685         439134935      4      4      599036     3906634     3906634      754976      754976      754976      754976 
  29     113.23        464.63         439134935         556317519      4      4      754976     4960162     4960162      943828      943828      943828      943828 
  30     133.25        604.09         556317519         700112352      4      4      943828     6246434     6246434     1171418     1171418     1171392     2342836 
  31     165.32        751.26         700118242         875265563      8      4     1171392     7804740     7804740     1442933     1442933     1442898     2581322 
  32     197.36        895.41         875271705        1087009210      8      4     1442898     9677698     9677698     1765340     1765340     1765284     2877242 
  33     242.42       1128.77        1087013560        1341142741      8      4     1765284    11912428    11912428     2144612     2144612     2144542     4289224 
  34     302.45       1422.24        1341153851        1645319878     12      4     2144542    14558820    14558820     2588644     2588644     2588552     4711955 
  35     354.50       1675.43        1645332639        2005887357     13      4     2588552    17670696    17670696     3104038     3104038     3103900     6181661 
  36     425.62       2015.13        2005902239        2432342647     16      4     3103900    21303964    21303964     3699295     3699295     3699168     6736073 
  37     509.66       2418.69        2432366402        2933506934     20      4     3699168    25517142    25517142     4381254     4381254     4381086     8282864 
  38     600.04       2875.38        2933529187        3518610446     24      4     4381086    30369354    30369354     5158832     5158832     5158608     9900909 
  39     722.40       3538.62        3518636425        4195788817     28      4     5158608    35920870    41280180    11397441     6038131     6038102    16947568 
  40     821.64       4112.70        4195816094        4976622608     32      4     6038102    42230224    47534914    12333020     7028330     7028256    18666007 
  41     967.50       4803.70        4976661654        5870861500     40      4     7028256    49354870    54554777    13334620     8134713     8134518    21252319 
  42    1111.46       5546.15        5870904193        6889766139     44      4     8134518    57348062    62512192    14529011     9364881     9364650    23536022 
  43    1287.62       6511.08        6889821480        8044960963     52      4     9364650    66258980    75991470    20454855    10722365    10722312    30528571 
  44    1471.65       7413.59        8045022834        9348750237     60      4    10722312    76129650    85910102    21994326    12213874    12213700    34031592 
  45    1693.98       8477.08        9348828308       10808093149     72      4    12213700    86995118    97636756    24481733    13840095    13839898    38035830 
  46    1902.94       9668.31       10808191608       12437355664     83      4    13839898    98879810   112748697    29473665    15604778    15604634    44988579 
  47    2149.89      10932.70       12437483254       14243911975     95      4    15604634   111798078   125255906    30963867    17506039    17505744    48188221 
  48    2424.89      12411.59       14244037786       16234422043    108      4    17505744   125750874   143625975    37419039    19543938    19543786    56622006 
  49    2773.29      13837.38       16234584167       18418637691    123      4    19543786   140725894   161349417    42336196    21712673    21712534    63905797 
  50    3091.64      15494.13       18418805480       20802705812    140      4    21712534   156694902   177751215    45065511    24009198    24008924    68871255 
  51    3522.33      17245.05       20802910851       23383659993    156      4    24008924   173614502   198677798    51485727    26422431    26422182    77606976 
  52    4005.07      19131.17       23383922576       26172852964    176      4    26422182   191423218   219811145    57333208    28945281    28945114    85931172 
  53    4332.42      21064.08       26173106648       29162414474    197      4    28945114   210043364   238142435    59661787    31562716    31562326    90606682 
  54    4797.64      23020.17       29162730522       32346975737    218      4    31562326   229378852   260338986    65222987    34262853    34262446    99307763 
  55    5248.53      25006.75       32347302483       35728639064    242      4    34262446   249317040   283322487    71031207    37025760    37025404   107469266 
  56    5630.82      27151.33       35729021466       39310783038    267      4    37025404   269728012   306798933    76907413    39836492    39836102   116583502 
  57    6156.66      29335.82       39311224872       43084841552    295      4    39836102   290466994   330363282    82567026    42670738    42670296   131999265 
  58    6711.85      31588.25       43085261999       47011331823    323      4    42670296   311373962   354082788    88218936    45510110    45509640   143542767 
  59    7327.68      34009.32       47011750572       51039715104    351      4    45509640   332277378   378151994    94201819    48327203    48326754   156391505 
  60    7831.79      36090.49       51040142537       55164057687    382      4    48326754   352994580   403813704   101920471    51101347    51101070   172657939 
  61    8495.24      38425.17       55164527108       59370917959    413      4    51101070   373335498   426696778   107164700    53803420    53803096   183648036 
  62    9057.73      40577.79       59371419410       63622036326    445      4    53803096   393104376   448163051   111470589    56411914    56411536   192361889 
  63    9664.87      38180.41       63622590138       63622036326    476     13    56411536   412103920   412103920    58902198    56411914    56411536   117118804 
  64      22.04          1.16       63622590138               156    476      4    56411536   412103920           0           0           0           0           0 
  65      15.15          6.66               156               156      4      4           0           0           0           0           0           0           0 
  66      14.23          6.85               156               156      4      4           0           0           0           0           0           0           0 
  67      15.37          6.75               156               156      4      4           0           0           0           0           0           0           0 
  68      15.09          6.81               156               156      4      4           0           0           0           0           0           0           0 
  69      14.12          6.72               156               156      4      4           0           0           0           0           0           0           0 
  70      15.14          7.09               156               156      4      4           0           0           0           0           0           0           0 
  71      15.12          6.88               156               156      4      4           0           0           0           0           0           0           0 
  72      15.16          6.92               156               156      4      4           0           0           0           0           0           0           0 
  73      14.36          6.90               156               156      4      4           0           0           0           0           0           0           0 
  74      15.13          6.78               156               156      4      4           0           0           0           0           0           0           0 
  75      15.15          6.90               156               156      4      4           0           0           0           0           0           0           0 
  76      14.11          6.83               156               156      4      4           0           0           0           0           0           0           0 
  77      15.11          6.72               156               156      4      4           0           0           0           0           0           0           0 
  78      15.09          6.93               156               156      4      4           0           0           0           0           0           0           0 
  79      15.12          6.75               156               156      4      4           0           0           0           0           0           0           0 
  80      14.27          6.80               156               156      4      4           0           0           0           0           0           0           0 
  81      15.22          6.98               156               156      4      4           0           0           0           0           0           0           0 
  82      15.13          6.74               156               156      4      4           0           0           0           0           0           0           0 
  83      15.13          6.85               156               156      4      4           0           0           0           0           0           0           0 
  84      15.10          6.82               156               156      4      4           0           0           0           0           0           0           0 
  85      15.11          6.86               156               156      4      4           0           0           0           0           0           0           0 
  86      15.10          6.86               156               156      4      4           0           0           0           0           0           0           0 
  87      15.09          6.85               156               156      4      4           0           0           0           0           0           0           0 
  88      15.17          6.63               156               156      4      4           0           0           0           0           0           0           0 
  89      15.16          6.80               156               156      4      4           0           0           0           0           0           0           0 
  90      15.09          6.94               156               156      4      4           0           0           0           0           0           0           0 
  91      15.11          6.79               156               156      4      4           0           0           0           0           0           0           0 
  92      15.16          6.78               156               156      4      4           0           0           0           0           0           0           0 
  93      15.19          6.91               156               156      4      4           0           0           0           0           0           0           0 
  94      15.10          6.72               156               156      4      4           0           0           0           0           0           0           0 
  95      15.10          6.75               156               156      4      4           0           0           0           0           0           0           0 
  96      15.10          6.92               156               156      4      4           0           0           0           0           0           0           0 
  97      24.12          7.01               156               156      4      4           0           0           0           0           0           0           0 
  98      15.15          7.10               156               156      4      4           0           0           0           0           0           0           0 
  99      14.10          6.94               156               156      4      4           0           0           0           0           0           0           0 
 100      15.11          6.77               156               156      4      4           0           0           0           0           0           0           0 
 101      15.12          6.89               156               156      4      4           0           0           0           0           0           0           0 
 102      14.10          6.73               156               156      4      4           0           0           0           0           0           0           0 
 103      15.10          7.00               156               156      4      4           0           0           0           0           0           0           0 
 104      15.09          6.86               156               156      4      4           0           0           0           0           0           0           0 
 105      15.09          6.88               156               156      4      4           0           0           0           0           0           0           0 
 106      15.10          6.64               156               156      4      4           0           0           0           0           0           0           0 
 107      14.12          6.77               156               156      4      4           0           0           0           0           0           0           0 
 108      14.10          6.66               156               156      4      4           0           0           0           0           0           0           0 
 109      14.10          6.65               156               156      4      4           0           0           0           0           0           0           0 
 110      14.20          6.87               156               156      4      4           0           0           0           0           0           0           0 
 111      15.32          6.73               156               156      4      4           0           0           0           0           0           0           0 
 112      15.09          7.01               156               156      4      4           0           0           0           0           0           0           0 
 113      15.12          6.82               156               156      4      4           0           0           0           0           0           0           0 
 114      15.10          6.66               156               156      4      4           0           0           0           0           0           0           0 
 115      14.10          6.68               156               156      4      4           0           0           0           0           0           0           0 
 116      15.15          6.99               156               156      4      4           0           0           0           0           0           0           0 
 117      15.19          6.86               156               156      4      4           0           0           0           0           0           0           0 
 118      14.09          6.78               156               156      4      4           0           0           0           0           0           0           0 
 119      15.21          6.65               156               156      4      4           0           0           0           0           0           0           0 
 120      14.11          6.58               156               156      4      4           0           0           0           0           0           0           0 
 121      15.10          6.87               156               156      4      4           0           0           0           0           0           0           0 
 122      14.09          6.75               156               156      4      4           0           0           0           0           0           0           0 
 123      15.12          6.84               156               156      4      4           0           0           0           0           0           0           0 
 124      15.09          6.63               156               156      4      4           0           0           0           0           0           0           0 
 125      14.08          6.85               156               156      4      4           0           0           0           0           0           0           0 
 126      15.30          6.86               156               156      4      4           0           0           0           0           0           0           0 
 127      15.22          6.77               156               156      4      4           0           0           0           0           0           0           0 
 128      15.60          6.48               156               156      4      4           0           0           0           0           0           0           0 
 129      15.10          6.86               156               156      4      4           0           0           0           0           0           0           0 
 130      15.14          6.82               156               156      4      4           0           0           0           0           0           0           0 
 131      15.11          6.96               156               156      4      4           0           0           0           0           0           0           0 
 132      15.14          6.71               156               156      4      4           0           0           0           0           0           0           0 
 133      15.09          6.75               156               156      4      4           0           0           0           0           0           0           0 
 134      14.11          6.73               156               156      4      4           0           0           0           0           0           0           0 
 135      15.18          6.69               156               156      4      4           0           0           0           0           0           0           0 
 136      15.09          6.92               156               156      4      4           0           0           0           0           0           0           0 
 137      15.13          6.82               156               156      4      4           0           0           0           0           0           0           0 
 138      15.12          6.81               156               156      4      4           0           0           0           0           0           0           0 
 139      15.10          6.68               156               156      4      4           0           0           0           0           0           0           0 
 140      15.11          6.77               156               156      4      4           0           0           0           0           0           0           0 
 141      14.10          6.71               156               156      4      4           0           0           0           0           0           0           0 
 142      16.10          7.06               156               156      4      4           0           0           0           0           0           0           0 
 143      14.10          6.79               156               156      4      4           0           0           0           0           0           0           0 
 144      15.12          6.74               156               156      4      4           0           0           0           0           0           0           0 
 145      15.19          6.63               156               156      4      4           0           0           0           0           0           0           0 
