  It       Time      CPU Time            ReadIO           WriteIO  MTask  RTask    MapInRec   MapOutRec    ComInRec   ComOutRec    RedInRec   RedOutRec      Spills 
   1      15.12          5.90               908              2412      4      4           2           6           6           6           6           6           6 
   2      14.12          6.01              2412              6192      4      4           6          20          20          16          16          16          16 
   3      14.11          6.02              6192             13772      4      4          16          60          60          36          36          36          36 
   4      14.09          6.30             13772             28952      4      4          36         144         144          76          76          76          76 
   5      14.09          6.72             28952             56264      4      4          76         324         324         148         148         148         148 
   6      15.10          7.13             56264            102140      4      4         148         650         650         269         269         269         269 
   7      14.10          7.85            102140            179168      4      4         269        1232        1232         472         472         472         472 
   8      15.10          8.78            179168            301244      4      4         472        2218        2218         793         793         793         793 
   9      15.12          9.75            301244            491508      4      4         793        3838        3838        1290        1290        1290        1290 
  10      15.11         10.50            491508            777376      4      4        1290        6374        6374        2034        2034        2034        2034 
  11      15.09         11.82            777376           1198339      4      4        2034       10272       10272        3126        3126        3126        3126 
  12      15.10         13.08           1198339           1803574      4      4        3126       16074       16074        4691        4691        4691        4691 
  13      15.18         14.09           1803574           2663456      4      4        4691       24542       24542        6892        6892        6892        6892 
  14      16.10         16.06           2663456           3860156      4      4        6892       36620       36620        9924        9924        9924        9924 
  15      16.09         17.77           3860156           5494399      4      4        9924       53504       53504       14039       14039       14039       14039 
  16      17.09         20.04           5494399           7686849      4      4       14039       76680       76680       19523       19523       19523       19523 
  17      17.11         22.79           7686849          10612550      4      4       19523      107984      107984       26736       26736       26736       26736 
  18      18.09         26.32          10612550          14458047      4      4       26736      149570      149570       36068       36068       36068       36068 
  19      19.12         30.64          14458047          19428266      4      4       36068      203956      203956       48002       48002       48002       48002 
  20      20.11         37.42          19428266          25769329      4      4       48002      274156      274156       63044       63044       63044       63044 
  21      21.10         43.94          25769329          33818840      4      4       63044      363436      363436       81787       81787       81787       81787 
  22      23.12         51.71          33818840          43883929      4      4       81787      475614      475614      104848      104848      104848      104848 
  23      25.11         61.92          43883929          56306947      4      4      104848      614688      614688      132915      132915      132915      132915 
  24      28.44         73.80          56306947          71552602      4      4      132915      785182      785182      166672      166672      166672      166672 
  25      31.12         89.24          71552602          90094591      4      4      166672      991566      991566      206861      206861      206861      206861 
  26      35.13        106.18          90094591         112344440      4      4      206861     1238846     1238846      254172      254172      254172      254172 
  27      40.14        126.84         112344440         138826299      4      4      254172     1531500     1531500      309330      309330      309330      309330 
  28      45.15        154.29         138826299         170149120      4      4      309330     1874538     1874538      372950      372950      372950      372950 
  29      50.13        178.65         170149120         206830992      4      4      372950     2271966     2271966      445636      445636      445636      445636 
  30      58.15        210.71         206830992         249269387      4      4      445636     2728078     2728078      527826      527826      527826      527826 
  31      67.20        250.28         249269387         298108113      4      4      527826     3245580     3245580      619895      619895      619895      619895 
  32      77.23        291.46         298108113         353978381      4      4      619895     3827460     3827460      721997      721997      721997      721997 
  33      86.22        338.58         353978381         417154757      4      4      721997     4474320     4474320      834159      834159      834159      834159 
  34      99.21        391.87         417154757         487973239      4      4      834159     5186954     5186954      956142      956142      956142      956142 
  35     115.22        452.05         487973239         566831314      4      4      956142     5963160     5963160     1087545     1087545     1087545     1087545 
  36     124.24        525.91         566831314         653401405      4      4     1087545     6800916     6800916     1227675     1227675     1227649     2455350 
  37     145.25        592.41         653406131         747618242      8      4     1227649     7694650     7694650     1375602     1375602     1375567     2516311 
  38     162.30        671.75         747621901         849942434      8      4     1375567     8639176     8639176     1530122     1530122     1530073     2654971 
  39     177.92        741.74         849947419         959638377      8      4     1530073     9625188     9625188     1689809     1689809     1689777     2797359 
  40     192.33        814.56         959642534        1075749345      8      4     1689777    10644328    10644328     1853016     1853016     1852983     2945915 
  41     212.65        898.34        1075752071        1198457049      8      4     1852983    11683922    11683922     2017889     2017889     2017850     3340139 
  42     229.82        983.91        1198470746        1326473810     12      4     2017850    12732742    12732742     2182366     2182366     2182301     3235004 
  43     244.59       1070.13        1326481710        1457893263     12      4     2182301    13775322    13775322     2344250     2344250     2344174     3599771 
  44     265.38       1139.43        1457901476        1592489357     12      4     2344174    14798596    14798596     2501236     2501236     2501157     3727985 
  45     280.49       1206.98        1592501203        1728819028     12      4     2501157    15785424    15785424     2651039     2651039     2650948     4265099 
  46     302.45       1299.16        1728837089        1865288148     16      4     2650948    16722102    16722102     2791322     2791322     2791200     4568445 
  47     313.54       1383.17        1865307102        2000076174     16      4     2791200    17591288    17591288     2919804     2919804     2919694     4864946 
  48     331.42       1441.79        2000089482        2130150853     16      4     2919694    18380180    18380180     3034389     3034389     3034274     4728547 
  49     347.54       1503.35        2130164211        2252585001     16      4     3034274    19072900    19072900     3133146     3133146     3133018     5176553 
  50     356.52       1555.90        2252606090        2367260919     19      4     3133018    19659094    19659094     3214309     3214309     3214199     5389475 
  51     368.51       1602.90        2367280554        2472628199     20      4     3214199    20125802    20125802     3276527     3276527     3276395     5572194 
  52     371.52       1619.65        2472646750        2565260584     20      4     3276395    20466584    20466584     3318644     3318644     3318493     5372585 
  53     381.18       1660.79        2565283553        2645009726     20      4     3318493    20672786    20672786     3339898     3339898     3339734     5678759 
  54     388.55       1672.28        2645025522        2710637921     20      4     3339734    20742720    20742720     3339900     3339900     3339734     6118226 
  55     384.03       1659.91        2710661356        2759025219     21      4     3339734    20672786    20672786     3318679     3318679     3318493     5691912 
  56     380.15       1646.94        2759053528        2790751430     24      4     3318493    20466584    20466584     3276555     3276555     3276395     5424251 
  57     373.78       1609.14        2790779147        2805372168     23      4     3276395    20125802    20125802     3214349     3214349     3214199     5157116 
  58     365.85       1585.95        2805397196        2800721706     24      4     3214199    19659094    19659094     3133186     3133186     3133018     4734016 
  59     360.75       1540.80        2800749538        2778346196     23      4     3133018    19072900    19072900     3034403     3034403     3034274     4451033 
  60     341.65       1480.67        2778374768        2738757333     23      4     3034274    18380180    18380180     2919834     2919834     2919694     4153658 
  61     330.65       1424.81        2738779154        2681023360     21      4     2919694    17591288    17591288     2791319     2791319     2791200     4118581 
  62     318.49       1363.27        2681054252        2608901726     21      4     2791200    16722102    16722102     2651065     2651065     2650948     3649252 
  63     300.98       1292.40        2608922027        2524356776     20      4     2650948    15785424    15785424     2501270     2501270     2501157     3046188 
  64     283.44       1218.81        2524370218        2424444566     20      4     2501157    14798596    14798596     2344267     2344267     2344174     2602728 
  65     266.38       1131.13        2424464080        2311486245     20      4     2344174    13775322    13775322     2182372     2182372     2182301     2182372 
  66     248.39       1069.56        2311500770        2188397369     20      4     2182301    12732742    12732742     2017935     2017935     2017850     2273560 
  67     231.49        980.57        2188410821        2056501188     17      4     2017850    11683922    11683922     1853044     1853044     1852983     1853044 
  68     209.88        893.04        2056516891        1919140682     16      4     1852983    10644328    10644328     1689828     1689828     1689777     1689828 
  69     193.33        820.70        1919155867        1778294344     16      4     1689777     9625188     9625188     1530139     1530139     1530073     1530139 
  70     180.38        749.06        1778308438        1635306796     16      4     1530073     8639176     8639176     1375629     1375629     1375567     1375629 
  71     163.28        672.33        1635321132        1492913857     13      4     1375567     7694650     7694650     1227691     1227691     1227649     1227691 
  72     140.45        593.64        1492924950        1352862226     12      4     1227649     6800916     6800916     1087591     1087591     1087545     1087591 
  73     128.22        525.37        1352871015        1216211465     12      4     1087545     5963160     5963160      956178      956178      956142      956178 
  74     110.21        463.08        1216223609        1084993461     12      4      956142     5186954     5186954      834199      834199      834159      834199 
  75      98.21        393.41        1084997318         960248214      8      4      834159     4474320     4474320      722013      722013      721997      722013 
  76      82.45        341.00         960255272         842657260      8      4      721997     3827460     3827460      619913      619913      619895      619913 
  77      76.17        298.23         842661849         733342016      8      4      619895     3245580     3245580      527847      527847      527826      527847 
  78      69.50        254.36         733349169         632769115      8      4      527826     2728078     2728078      445655      445655      445636      445655 
  79      57.14        219.15         632775335         540977678      8      4      445636     2271966     2271966      372969      372969      372950      372969 
  80      49.14        175.68         540977678         458363615      4      4      372950     1874538     1874538      309330      309330      309330      309330 
  81      44.13        149.02         458363615         384723225      4      4      309330     1531500     1531500      254172      254172      254172      254172 
  82      38.12        122.87         384723225         319725065      4      4      254172     1238846     1238846      206861      206861      206861      206861 
  83      35.13        102.95         319725065         263056437      4      4      206861      991566      991566      166672      166672      166672      166672 
  84      30.13         85.84         263056437         214199739      4      4      166672      785182      785182      132915      132915      132915      132915 
  85      27.11         71.10         214199739         172461347      4      4      132915      614688      614688      104848      104848      104848      104848 
  86      25.10         60.29         172461347         137299253      4      4      104848      475614      475614       81787       81787       81787       81787 
  87      23.10         50.66         137299253         108012264      4      4       81787      363436      363436       63044       63044       63044       63044 
  88      21.11         43.06         108012264          83890351      4      4       63044      274156      274156       48002       48002       48002       48002 
  89      19.10         36.38          83890351          64297905      4      4       48002      203956      203956       36068       36068       36068       36068 
  90      18.09         29.94          64297905          48617761      4      4       36068      149570      149570       26736       26736       26736       26736 
  91      17.08         25.88          48617761          36195804      4      4       26736      107984      107984       19523       19523       19523       19523 
  92      17.09         22.71          36195804          26537976      4      4       19523       76680       76680       14039       14039       14039       14039 
  93      16.10         20.21          26537976          19128735      4      4       14039       53504       53504        9924        9924        9924        9924 
  94      15.08         17.37          19128735          13539472      4      4        9924       36620       36620        6892        6892        6892        6892 
  95      15.10         15.76          13539472           9406826      4      4        6892       24542       24542        4691        4691        4691        4691 
  96      15.08         14.26           9406826           6402195      4      4        4691       16074       16074        3126        3126        3126        3126 
  97      15.10         12.72           6402195           4246078      4      4        3126       10272       10272        2034        2034        2034        2034 
  98      15.09         12.07           4246078           2741530      4      4        2034        6374        6374        1290        1290        1290        1290 
  99      15.15         10.12           2741530           1716542      4      4        1290        3838        3838         793         793         793         793 
 100      15.08          9.20           1716542           1039881      4      4         793        2218        2218         472         472         472         472 
 101      15.26          7.84           1039881            602770      4      4         472        1232        1232         269         269         269         269 
 102      15.10          7.66            602770            337522      4      4         269         650         650         148         148         148         148 
 103      14.09          6.94            337522            176450      4      4         148         324         324          76          76          76          76 
 104      14.10          6.51            176450             84954      4      4          76         144         144          36          36          36          36 
 105      14.10          6.26             84954             38352      4      4          36          60          60          16          16          16          16 
 106      14.10          6.03             38352             14693      4      4          16          20          20           6           6           6           6 
