  It       Time      CPU Time            ReadIO           WriteIO  MTask  RTask    MapInRec   MapOutRec    ComInRec   ComOutRec    RedInRec   RedOutRec      Spills 
   1      23.20        186.97              2654              2970     64     64           2           6           6           6           6           6           6 
   2      23.21        187.50              2970              3760     64     64           6          20          20          16          16          16          16 
   3      23.32        188.06              3760              5340     64     64          16          60          60          36          36          36          36 
   4      24.20        187.96              5340              8500     64     64          36         144         144          76          76          76          76 
   5      23.21        188.16              8500             14188     64     64          76         324         324         148         148         148         148 
   6      23.17        189.19             14188             24498     64     64         148         664         664         278         278         278         278 
   7      23.18        189.60             24498             41148     64     64         278        1290        1290         488         488         488         488 
   8      23.19        188.68             41148             69448     64     64         488        2352        2352         840         840         840         840 
   9      24.21        189.61             69448            114916     64     64         840        4164        4164        1388        1388        1388        1388 
  10      23.19        192.42            114916            187081     64     64        1388        7076        7076        2242        2242        2242        2242 
  11      24.17        193.78            187081            296254     64     64        2242       11700       11700        3518        3518        3518        3518 
  12      23.17        197.90            296254            459525     64     64        3518       18782       18782        5420        5420        5420        5420 
  13      23.17        203.63            459525            701131     64     64        5420       29482       29482        8154        8154        8154        8154 
  14      23.18        211.03            701131           1054647     64     64        8154       45224       45224       12084       12084       12084       12084 
  15      23.19        221.72           1054647           1547623     64     64       12084       68096       68096       17566       17566       17566       17566 
  16      23.19        233.25           1547623           2234275     64     64       17566      100644      100644       25188       25188       25188       25188 
  17      24.17        247.85           2234275           3185509     64     64       25188      146348      146348       35548       35548       35548       35548 
  18      24.21        263.18           3185509           4488298     64     64       35548      209508      209508       49564       49564       49564       49564 
  19      24.17        273.64           4488298           6225906     64     64       49564      295744      295744       68154       68154       68154       68154 
  20      24.20        289.99           6225906           8529132     64     64       68154      411830      411830       92714       92714       92714       92714 
  21      24.19        302.22           8529132          11548667     64     64       92714      566458      566458      124608      124608      124608      124608 
  22      24.16        317.97          11548667          15494450     64     64      124608      769848      769848      165822      165822      165822      165822 
  23     211.35        333.86          15494450          20559854     64     64      165822     1034720     1034720      218318      218318      218318      218318 
  24      25.17        349.45          20559854          27007978     64     64      218318     1375936     1375936      284844      284844      284844      284844 
  25      25.18        366.84          27007978          35120262     64     64      284844     1811398     1811398      368052      368052      368052      368052 
  26      25.16        391.86          35120262          45306936     64     64      368052     2361646     2361646      471630      471630      471630      471630 
  27      26.18        415.61          45306936          57940572     64     64      471630     3050964     3050964      599036      599036      599036      599036 
  28      26.17        457.64          57940572          73521578     64     64      599036     3906634     3906634      754976      754976      754976      754976 
  29      27.21        502.33          73521578          92526999     64     64      754976     4960162     4960162      943828      943828      943828      943828 
  30      27.16        547.70          92526999         115551028     64     64      943828     6246434     6246434     1171392     1171392     1171392     1171392 
  31      28.17        603.11         115551028         143183887     64     64     1171392     7804740     7804740     1442898     1442898     1442898     1442898 
  32      29.20        673.32         143183887         176236637     64     64     1442898     9677698     9677698     1765284     1765284     1765284     1765284 
  33      35.18        757.49         176236637         215442326     64     64     1765284    11912428    11912428     2144542     2144542     2144542     2144542 
  34      36.19        845.25         215442326         261666403     64     64     2144542    14558820    14558820     2588552     2588552     2588552     2588552 
  35      37.17        953.75         261666403         315628585     64     64     2588552    17670696    17670696     3103900     3103900     3103900     3103900 
  36      40.23       1089.32         315628585         378274522     64     64     3103900    21303964    21303964     3699168     3699168     3699168     3699168 
  37      46.18       1227.36         378274522         450386921     64     64     3699168    25517142    25517142     4381086     4381086     4381086     4381086 
  38      49.19       1398.94         450386921         533116208     64     64     4381086    30369354    30369354     5158608     5158608     5158608     5158608 
  39      56.62       1596.10         533116208         627360577     64     64     5158608    35920870    35920870     6038102     6038102     6038102     6038102 
  40      65.21       1822.33         627360577         734252081     64     64     6038102    42230224    42230224     7028256     7028256     7028256     7028256 
  41      68.23       2061.02         734252081         854582868     64     64     7028256    49354870    49354870     8134518     8134518     8134518     8134518 
  42      77.22       2360.29         854582868         989257175     64     64     8134518    57348062    57348062     9364650     9364650     9364650     9364650 
  43      81.59       2667.62         989257175        1138759527     64     64     9364650    66258980    66258980    10722312    10722312    10722312    10722312 
  44      91.24       2993.21        1138759527        1303924358     64     64    10722312    76129650    76129650    12213700    12213700    12213700    12213700 
  45     106.27       3420.17        1303924358        1485191931     64     64    12213700    86995118    86995118    13839898    13839898    13839898    13839898 
  46     112.25       3863.66        1485191931        1683226125     64     64    13839898    98879810    98879810    15604634    15604634    15604634    15604634 
  47     131.29       4343.73        1683226125        1897917475     64     64    15604634   111798078   111798078    17505744    17505744    17505744    17505744 
  48     136.29       4834.16        1897917475        2129358202     64     64    17505744   125750874   125750874    19543786    19543786    19543786    19543786 
  49     152.30       5428.32        2129358202        2376886562     64     64    19543786   140725894   140725894    21712534    21712534    21712534    21712534 
  50     171.34       5952.03        2376886562        2640430388     64     64    21712534   156694902   156694902    24008931    24008931    24008924    24419830 
  51     180.98       6724.04        2640430388        2919356542     64     64    24008924   173614502   173614502    26422385    26422385    26422182    41336090 
  52     194.35       7304.75        2919356542        3213492413     64     64    26422182   191423218   191423218    28945489    28945489    28945114    57890978 
  53     203.35       7973.15        3213492413        3521518972     64     64    28945114   210043364   210043364    31562722    31562722    31562326    63125444 
  54     215.35       8541.63        3521518972        3842039145     64     64    31562326   229378852   229378852    34262831    34262831    34262446    68525662 
  55     231.39       9269.23        3842039145        4172445753     64     64    34262446   249317040   249317040    37025806    37025806    37025404    74051612 
  56     248.42      10020.52        4172445753        4510665078     64     64    37025404   269728012   269728012    39836495    39836495    39836102    79672990 
  57     279.49      10797.45        4510665078        4853627804     64     64    39836102   290466994   290466994    42670710    42670710    42670296    85341420 
  58     287.03      11479.44        4853627804        5199065769     64     64    42670296   311373962   312951635    47087709    45510036    45509640    91020098 
  59     307.48      12401.21        5199065769        5544171534     64     64    45509640   332277378   348188028    64237674    48327024    48326754    96654261 
  60     322.54      13108.59        5544171534        5887575670     64     64    48326754   352994580   388994321    87100921    51101180    51101070   102202909 
  61     342.50      13920.24        5887575670        6226647016     64     64    51101070   373335498   426368392   106835991    53803097    53803096   107606941 
  62     364.87      14635.98        6226647016        6558757948     64     64    53803096   393104376   449516732   112823892    56411536    56411536   112823892 
  63     357.49      15332.42        6558757948        6879695899     64     64    56411536   412103920   471001032   117793374    58896262    58896262   117793374 
  64     372.56      15871.38        6879695899        7186118719     64     64    58896262   430136922   491374326   122473976    61236572    61236572   122473976 
  65     388.56      16635.22        7186118719        7473749344     64     64    61236572   447011194   510415547   126807883    63403530    63403530   126807883 
  66     404.05      17094.96        7473749344        7739634099     64     64    63403530   462541460   527920914   130758086    65378632    65378632   130758086 
  67     454.62      17670.74        7739634099        7980435682     64     64    65378632   476553416   543689882   134272044    67135578    67135578   134272044 
  68     445.57      18130.13        7980435682        8194771412     64     64    67135578   488886566   557547287   137320523    68659802    68659802   137320523 
  69     460.61      18562.81        8194771412        8380544498     64     64    68659802   499397448   569327557   139859285    69929176    69929176   139859285 
  70     449.63      18871.44        8380544498        8536711206     64     64    69929176   507961602   578896793   141869391    70934200    70934200   141869391 
  71     463.18      18979.50        8536713862        8660815682     66     64    70934200   514476990   585921260   143102673    71658403    71658388   143102673 
  72     458.66      19238.43        8660819356        8751526926     67     64    71658388   518865010   590634937   143868257    72098330    72098316   143868257 
  73     454.66      19193.84        8751529023        8806570239     66     64    72098316   521072408   593091442   144262858    72243824    72243812   144262858 
  74     467.62      19337.64        8806574594        8825472932     67     64    72243812   521072408   592839392   143865323    72098339    72098316   143865323 
  75     454.62      19143.85        8825480314        8807197696     69     64    72098316   518865010   589943861   142737254    71658403    71658388   142737254 
  76     446.60      19040.07        8807205548        8752757100     69     64    71658388   514476990   584791104   141248341    70934227    70934200   141248341 
  77     447.74      18766.59        8752759595        8662735444     68     64    70934200   507961602   577440545   139408138    69929195    69929176   139408138 
  78     443.74      18565.77        8662738005        8539292179     66     64    69929176   499397448   567850001   137112368    68659815    68659802   137112368 
  79     431.59      18196.47        8539292357        8383523668     65     64    68659802   488886566   555918513   134167531    67135584    67135578   134167531 
  80     447.72      17681.03        8383525329        8197744154     65     64    67135578   476553416   541805576   130630798    65378638    65378632   130630798 
  81     409.57      17122.97        8197744154        7983102929     64     64    65378632   462541460   525945759   126807829    63403530    63403530   126807829 
  82     394.10      16651.79        7983102929        7742092577     64     64    63403530   447011194   508248547   122473925    61236572    61236572   122473925 
  83     378.76      15976.31        7742092577        7476445333     64     64    61236572   430136922   489033958   117793298    58896262    58896262   117793298 
  84     385.79      15364.81        7476445333        7189459798     64     64    58896262   412103920   468516270   112823886    56411536    56411536   112823886 
  85     347.54      14680.15        7189459798        6883639447     64     64    56411536   393104376   446908290   107607010    53803096    53803096   107607010 
  86     346.53      14062.72        6883639447        6562914140     64     64    53803096   373335498   423703795   101469370    51101073    51101070   102202935 
  87     329.50      13243.93        6562914140        6230266383     64     64    51101070   352994580   387029373    82361668    48326875    48326754    96654297 
  88     303.49      12426.74        6230266383        5889584323     64     64    48326754   332277378   347259543    60492086    45509921    45509640    91020088 
  89     293.48      11669.93        5889584323        5543487468     64     64    45509640   311373962   312855048    44151789    42670703    42670296    85341424 
  90     264.66      10943.65        5543487468        5195430096     64     64    42670296   290466994   290466994    39836501    39836501    39836102    79673002 
  91     249.99      10152.94        5195430096        4847759761     64     64    39836102   269728012   269728012    37025789    37025789    37025404    74051578 
  92     228.38       9396.94        4847759761        4503620896     64     64    37025404   249317040   249317040    34262829    34262829    34262446    68525658 
  93     209.36       8734.78        4503620896        4164956094     64     64    34262446   229378852   229378852    31562732    31562732    31562326    63125464 
  94     203.64       8055.83        4164956094        3834444169     64     64    31562326   210043364   210043364    28945489    28945489    28945114    57890978 
  95     197.56       7429.34        3834444169        3513743047     64     64    28945114   191423218   191423218    26422547    26422547    26422182    52845094 
  96     185.39       6726.78        3513743047        3205111729     64     64    26422182   173614502   173614502    24009103    24009103    24008924    37559663 
  97     170.33       6059.53        3205111729        2909756055     64     64    24008924   156694902   156694902    21712540    21712540    21712534    22083171 
  98     154.30       5455.28        2909756055        2629287767     64     64    21712534   140725894   140725894    19543786    19543786    19543786    19543786 
  99     142.39       4912.75        2629287767        2364311258     64     64    19543786   125750874   125750874    17505744    17505744    17505744    17505744 
 100     126.27       4423.35        2364311258        2115841323     64     64    17505744   111798078   111798078    15604634    15604634    15604634    15604634 
 101     118.27       3956.09        2115841323        1883961840     64     64    15604634    98879810    98879810    13839898    13839898    13839898    13839898 
 102     102.29       3448.59        1883961840        1669103161     64     64    13839898    86995118    86995118    12213700    12213700    12213700    12213700 
 103      91.23       3055.50        1669103161        1470959070     64     64    12213700    76129650    76129650    10722312    10722312    10722312    10722312 
 104      87.27       2707.95        1470959070        1289607145     64     64    10722312    66258980    66258980     9364650     9364650     9364650     9364650 
 105      72.21       2377.77        1289607145        1124452663     64     64     9364650    57348062    57348062     8134518     8134518     8134518     8134518 
 106      68.22       2086.66        1124452663         975206349     64     64     8134518    49354870    49354870     7028256     7028256     7028256     7028256 
 107      60.19       1827.17         975206349         841001196     64     64     7028256    42230224    42230224     6038102     6038102     6038102     6038102 
 108      57.20       1608.34         841001196         721247609     64     64     6038102    35920870    35920870     5158608     5158608     5158608     5158608 
 109      54.20       1419.92         721247609         614900183     64     64     5158608    30369354    30369354     4381086     4381086     4381086     4381086 
 110      46.18       1235.77         614900183         521219436     64     64     4381086    25517142    25517142     3699168     3699168     3699168     3699168 
 111      45.23       1083.68         521219436         439099690     64     64     3699168    21303964    21303964     3103900     3103900     3103900     3103900 
 112      38.20        965.46         439099690         367697485     64     64     3103900    17670696    17670696     2588552     2588552     2588552     2588552 
 113      36.22        852.79         367697485         305889908     64     64     2588552    14558820    14558820     2144542     2144542     2144542     2144542 
 114      35.18        760.77         305889908         252836197     64     64     2144542    11912428    11912428     1765284     1765284     1765284     1765284 
 115      34.19        681.39         252836197         207511995     64     64     1765284     9677698     9677698     1442898     1442898     1442898     1442898 
 116      28.17        600.98         207511995         169148025     64     64     1442898     7804740     7804740     1171392     1171392     1171392     1171392 
 117      27.16        552.10         169148025         136835163     64     64     1171392     6246434     6246434      943828      943828      943828      943828 
 118      26.18        504.53         136835163         109895091     64     64      943828     4960162     4960162      754976      754976      754976      754976 
 119      26.17        464.13         109895091          87552915     64     64      754976     3906634     3906634      599036      599036      599036      599036 
 120      26.26        423.75          87552915          69215433     64     64      599036     3050964     3050964      471630      471630      471630      471630 
 121      25.17        391.34          69215433          54235166     64     64      471630     2361646     2361646      368052      368052      368052      368052 
 122      28.20        367.60          54235166          42141214     64     64      368052     1811398     1811398      284844      284844      284844      284844 
 123      25.17        348.32          42141214          32427358     64     64      284844     1375936     1375936      218318      218318      218318      218318 
 124      24.15        330.11          32427358          24729976     64     64      218318     1034720     1034720      165822      165822      165822      165822 
 125      24.16        316.96          24729976          18661165     64     64      165822      769848      769848      124608      124608      124608      124608 
 126      24.16        301.43          18661165          13944737     64     64      124608      566458      566458       92714       92714       92714       92714 
 127      24.20        286.66          13944737          10297112     64     64       92714      411830      411830       68154       68154       68154       68154 
 128      24.15        277.61          10297112           7523167     64     64       68154      295744      295744       49564       49564       49564       49564 
 129      24.20        261.38           7523167           5420686     64     64       49564      209508      209508       35548       35548       35548       35548 
 130      24.17        246.00           5420686           3858528     64     64       35548      146348      146348       25188       25188       25188       25188 
 131      24.19        232.93           3858528           2702825     64     64       25188      100644      100644       17566       17566       17566       17566 
 132      24.16        221.89           2702825           1867819     64     64       17566       68096       68096       12084       12084       12084       12084 
 133      23.15        212.42           1867819           1266282     64     64       12084       45224       45224        8154        8154        8154        8154 
 134      23.16        203.95           1266282            845744     64     64        8154       29482       29482        5420        5420        5420        5420 
 135      23.17        197.49            845744            551751     64     64        5420       18782       18782        3518        3518        3518        3518 
 136      23.19        192.62            551751            353773     64     64        3518       11700       11700        2242        2242        2242        2242 
 137      24.17        191.27            353773            220781     64     64        2242        7076        7076        1388        1388        1388        1388 
 138     210.36        189.41            220781            135202     64     64        1388        4164        4164         840         840         840         840 
 139      23.19        187.54            135202             79798     64     64         840        2352        2352         488         488         488         488 
 140      24.59        187.32             79798             46628     64     64         488        1290        1290         278         278         278         278 
 141      23.17        187.12             46628             26048     64     64         278         664         664         148         148         148         148 
 142      23.16        187.57             26048             14633     64     64         148         324         324          76          76          76          76 
 143      24.15        186.68             14633              8240     64     64          76         144         144          36          36          36          36 
 144      23.16        186.93              8240              5058     64     64          36          60          60          16          16          16          16 
 145      23.15        187.08              5058              3459     64     64          16          20          20           6           6           6           6 
