  It       Time      CPU Time            ReadIO           WriteIO  MTask  RTask    MapInRec   MapOutRec    ComInRec   ComOutRec    RedInRec   RedOutRec      Spills 
   1      14.11          2.76               830              2334      2      2           2           6           6           6           6           6           6 
   2      14.12          2.80              2334              6134      2      2           6          20          20          16          16          16          16 
   3      14.11          2.99              6134             13714      2      2          16          60          60          36          36          36          36 
   4      14.25          3.17             13714             28894      2      2          36         144         144          76          76          76          76 
   5      14.12          3.51             28894             56206      2      2          76         324         324         148         148         148         148 
   6      14.20          3.90             56206            102102      2      2         148         650         650         269         269         269         269 
   7      14.14          4.03            102102            179110      2      2         269        1232        1232         472         472         472         472 
   8      14.11          4.33            179110            301206      2      2         472        2218        2218         793         793         793         793 
   9      14.10          4.47            301206            491450      2      2         793        3838        3838        1290        1290        1290        1290 
  10      14.09          4.93            491450            777318      2      2        1290        6374        6374        2034        2034        2034        2034 
  11      15.09          5.69            777318           1198301      2      2        2034       10272       10272        3126        3126        3126        3126 
  12      14.08          6.08           1198301           1803516      2      2        3126       16074       16074        4691        4691        4691        4691 
  13      14.09          6.85           1803516           2663418      2      2        4691       24542       24542        6892        6892        6892        6892 
  14      14.12          7.84           2663418           3860098      2      2        6892       36620       36620        9924        9924        9924        9924 
  15      14.15          9.11           3860098           5494361      2      2        9924       53504       53504       14039       14039       14039       14039 
  16      15.19         11.32           5494361           7686791      2      2       14039       76680       76680       19523       19523       19523       19523 
  17      19.11         13.89           7686791          10612632      2      2       19523      107984      107984       26736       26736       26736       26736 
  18      20.10         16.56          10612632          14458409      2      2       26736      149570      149570       36068       36068       36068       36068 
  19      25.18         20.75          14458409          19427848      2      2       36068      203956      203956       48002       48002       48002       48002 
  20      30.12         25.97          19427848          25769331      2      2       48002      274156      274156       63044       63044       63044       63044 
  21      35.13         31.90          25769331          33819002      2      2       63044      363436      363436       81787       81787       81787       81787 
  22      41.13         39.24          33819002          43883891      2      2       81787      475614      475614      104848      104848      104848      104848 
  23      51.15         50.77          43883891          56306869      2      2      104848      614688      614688      132915      132915      132915      132915 
  24      62.16         61.15          56306869          71552564      2      2      132915      785182      785182      166672      166672      166672      166672 
  25      73.18         77.53          71552564          90094533      2      2      166672      991566      991566      206861      206861      206861      206861 
  26      88.24         92.77          90094533         112344402      2      2      206861     1238846     1238846      254172      254172      254172      254172 
  27     114.22        117.40         112344402         138826241      2      2      254172     1531500     1531500      309330      309330      309330      309330 
  28     135.26        143.06         138826241         170149062      2      2      309330     1874538     1874538      372953      372953      372950      745906 
  29     136.24        178.67         170150658         206830954      3      2      372950     2271966     2271966      445642      445642      445636      445642 
  30     132.26        213.31         206832705         249269369      3      2      445636     2728078     2728078      527841      527841      527826      887900 
  31     135.26        241.82         249270184         298108135      3      2      527826     3245580     3245580      619911      619911      619895      966819 
  32     158.30        291.39         298111605         353978563      4      2      619895     3827460     3827460      722017      722017      721997     1061263 
  33     199.36        338.12         353982246         417155819      4      2      721997     4474320     4474320      834175      834175      834159     1481387 
  34     243.75        397.46         417158508         487974541      5      2      834159     5186954     5186954      956162      956162      956142     1601220 
  35     241.39        468.80         487978464         566831116      5      2      956142     5963160     5963160     1087571     1087571     1087545     1724539 
  36     261.81        527.54         566834971         653401087      6      2     1087545     6800916     6800916     1227683     1227683     1227649     1846226 
  37     316.51        588.75         653406706         747617904      6      2     1227649     7694650     7694650     1375614     1375614     1375567     2261691 
  38     334.91        665.58         747623250         849942336      7      2     1375567     8639176     8639176     1530120     1530120     1530073     2408376 
  39     371.73        774.85         849951864         959638339      8      2     1530073     9625188    11237671     3302260     1689777     1689777     4165526 
  40     436.71        846.96         959648672        1075749307      9      2     1689777    10644328    12222323     3430978     1852983     1852983     4760158 
  41     430.58        931.72        1075756833        1198457011      9      2     1852983    11683922    13218920     3552865     2017867     2017850     4631881 
  42     503.61       1021.38        1198467673        1326473772     10      2     2017850    12732742    14235512     3685089     2182319     2182301     4959959 
  43     510.93       1111.30        1326484487        1457893225     11      2     2182301    13775322    15252718     3821583     2344187     2344174     5070943 
  44     584.78       1199.72        1457907336        1592489259     12      2     2344174    14798596    16239069     3941665     2501192     2501157     5850132 
  45     590.65       1274.47        1592506851        1728823770     13      2     2501157    15785424    17197153     4062726     2650997     2650948     5690143 
  46     666.28       1365.27        1728839200        1865294590     14      2     2650948    16722102    19513415     5582519     2791206     2791200     7189913 
  47     675.52       1430.05        1865304103        2000078456     15      2     2791200    17591288    20325592     5654015     2919711     2919694     7369892 
  48     697.97       1490.69        2000091589        2130148515     16      2     2919694    18380180    21077225     5731339     3034294     3034274     7220881 
  49     711.39       1551.87        2130166078        2252584403     17      2     3034274    19072900    21692410     5752555     3133045     3133018     7608112 
  50     757.86       1601.69        2252601044        2367260501     18      2     3133018    19659094    22213736     5768873     3214231     3214199     7596230 
  51     744.88       1635.70        2367279605        2472627941     19      2     3214199    20125802    22615783     5766413     3276432     3276395     7718347 
  52     782.81       1692.35        2472652013        2565260506     20      2     3276395    20466584    22874651     5726609     3318542     3318493     7643098 
  53     810.94       1709.83        2565284653        2645009688     21      2     3318493    20672786    23030683     5697668     3339771     3339734     7560440 
  54     791.82       1707.30        2645031289        2710637863     21      2     3339734    20742720    23020409     5617481     3339792     3339734     7580182 
  55     795.15       1713.66        2710664607        2759025181     22      2     3339734    20672786    23058708     5704475     3318553     3318493     7425803 
  56     796.56       1701.11        2759051085        2790751412     22      2     3318493    20466584    22784629     5594508     3276463     3276395     7283461 
  57     796.10       1674.41        2790776614        2805372130     22      2     3276395    20125802    22376135     5464581     3214248     3214199     7101391 
  58     783.63       1645.58        2805396023        2800721668     22      2     3214199    19659094    21843525     5317518     3133087     3133018     6735699 
  59     753.63       1589.16        2800746310        2778346158     22      2     3133018    19072900    21198527     5159954     3034327     3034274     6402408 
  60     723.79       1533.65        2778378163        2738757295     22      2     3034274    18380180    20447165     4986720     2919735     2919694     6038822 
  61     695.74       1493.10        2738789825        2681024242     22      2     2919694    17591288    19587745     4787699     2791242     2791200     6079156 
  62     655.32       1410.71        2681051255        2608916348     21      2     2791200    16722102    18648633     4577521     2650990     2650948     5408575 
  63     630.17       1329.90        2608945740        2524362798     21      2     2650948    15785424    17638516     4354273     2501181     2501157     5186185 
  64     612.95       1274.06        2524390406        2424442648     20      2     2501157    14798596    16689505     4235112     2344203     2344174     5039840 
  65     553.40       1192.71        2424464295        2311485047     19      2     2344174    13775322    15617474     4024482     2182330     2182301     4525850 
  66     534.23       1108.94        2311505838        2188396131     19      2     2182301    12732742    14510206     3795328     2017864     2017850     4287181 
  67     486.95       1024.53        2188417408        2056501270     18      2     2017850    11683922    13392485     3561574     1853011     1852983     3804928 
  68     467.82        934.95        2056521667        1919140424     17      2     1852983    10644328    12334194     3379647     1689781     1689777     3620813 
  69     401.75        837.64        1919157522        1778294266     16      2     1689777     9625188    10432182     2337115     1530121     1530073     2451578 
  70     376.54        759.68        1778312048        1635306758     15      2     1530073     8639176     9397797     2134215     1375594     1375567     2247665 
  71     323.57        677.64        1635322103        1492913819     14      2     1375567     7694650     8521983     2054999     1227666     1227649     2165433 
  72     304.91        605.57        1492925347        1352862188     13      2     1227649     6800916     7597316     1883963     1087563     1087545     1883963 
  73     254.42        532.43        1352873128        1216211447     11      2     1087545     5963160     6740989     1733976      956147      956142     1733976 
  74     241.83        468.00        1216223485        1084993443     10      2      956142     5186954     5937979     1585195      834170      834159     1585195 
  75     210.59        410.50        1085003603         960248176      9      2      834159     4474320     5196356     1444033      721997      721997     1444033 
  76     184.32        341.46         960258167         842657222      9      2      721997     3827460     3827460      619936      619936      619895      619936 
  77     145.27        290.38         842668586         733341978      8      2      619895     3245580     3245580      527861      527861      527826      527861 
  78     133.92        245.95         733349862         632769097      7      2      527826     2728078     2728078      445657      445657      445636      445657 
  79     119.23        206.20         632775313         540977640      6      2      445636     2271966     2271966      372972      372972      372950      372972 
  80      90.45        170.45         540984367         458363577      5      2      372950     1874538     1874538      309344      309344      309330      309344 
  81      84.19        141.86         458366663         384723187      5      2      309330     1531500     1531500      254179      254179      254172      254179 
  82      77.64        116.49         384726430         319725027      4      2      254172     1238846     1238846      206868      206868      206861      206868 
  83      60.15         95.82         319728064         263056399      4      2      206861      991566      991566      166681      166681      166672      166681 
  84      45.16         74.72         263056471         214199721      3      2      166672      785182      785182      132919      132919      132915      132919 
  85      44.12         61.88         214202986         172461289      3      2      132915      614688      614688      104848      104848      104848      104848 
  86      40.11         51.37         172463804         137299235      3      2      104848      475614      475614       81792       81792       81787       81792 
  87      41.12         39.02         137299235         108012226      2      2       81787      363436      363436       63044       63044       63044       63044 
  88      31.11         29.72         108012226          83890313      2      2       63044      274156      274156       48002       48002       48002       48002 
  89      26.13         25.01          83890313          64297867      2      2       48002      203956      203956       36068       36068       36068       36068 
  90      25.12         21.02          64297867          48617703      2      2       36068      149570      149570       26736       26736       26736       26736 
  91      20.09         16.55          48617703          36195786      2      2       26736      107984      107984       19523       19523       19523       19523 
  92      19.10         13.67          36195786          26537958      2      2       19523       76680       76680       14039       14039       14039       14039 
  93      15.08         10.88          26537958          19128697      2      2       14039       53504       53504        9924        9924        9924        9924 
  94      14.09          8.77          19128697          13539454      2      2        9924       36620       36620        6892        6892        6892        6892 
  95      15.08          7.82          13539454           9406988      2      2        6892       24542       24542        4691        4691        4691        4691 
  96      15.10          6.78           9406988           6402197      2      2        4691       16074       16074        3126        3126        3126        3126 
  97      14.09          5.92           6402197           4246040      2      2        3126       10272       10272        2034        2034        2034        2034 
  98      15.08          5.42           4246040           2741512      2      2        2034        6374        6374        1290        1290        1290        1290 
  99      15.08          4.94           2741512           1716524      2      2        1290        3838        3838         793         793         793         793 
 100      15.08          4.65           1716524           1039863      2      2         793        2218        2218         472         472         472         472 
 101      14.09          4.02           1039863            602732      2      2         472        1232        1232         269         269         269         269 
 102      14.08          3.91            602732            337464      2      2         269         650         650         148         148         148         148 
 103      14.09          3.46            337464            176412      2      2         148         324         324          76          76          76          76 
 104      15.12          3.35            176412             84896      2      2          76         144         144          36          36          36          36 
 105      15.08          3.16             84896             38294      2      2          36          60          60          16          16          16          16 
 106      14.08          2.97             38294             14615      2      2          16          20          20           6           6           6           6 
